diag_dsc_acc_words=840980992:31504 840985088:31504 840957952:31504 840960512:31504 840966656:31504 512:0 20000:0
diag_expect_accum=135309490674176 src=135309490678272 indptr=135309490651136 g_micro=20000
diag_indptr_head=0 3 6 9 
diag_indices_head=1 3 7 2 4 8 
diag_syn_head=-4 -6 -10 4 6 10 
diag_dsc_upd_words=840980992:31504 840972800:31504 840976896:31504 840978944:31504 840987136:31504 840989184:31504 0:0 0:0 300000:0 900000:0 2:0 512:0 0:0
diag_v_after_init_neuron1=0
diag_accum_after_init_neuron1=0
diag_accum_pre_update 4=0.2 9=0.4 10=0.4 11=0.32 12=-0.08 v1=0
diag_accum_after_first_step_neuron1=0
diag_v_after_first_step_neuron1=-0.08
diag_next_count_after_first_step=3
diag_tick=0 bucket=10 r1=0 r2=0 fired_now=3 next_count=3 first_id=9
diag_tick=1 bucket=3 r1=0 r2=0 fired_now=2 next_count=2 first_id=14
diag_tick=2 bucket=2 r1=0 r2=0 fired_now=0 next_count=0 first_id=14
diag_tick=3 bucket=0 r1=0 r2=0 fired_now=0 next_count=0 first_id=14
gpu_n=512
gpu_edges=1536
gpu_steps=30
gpu_launch_errors=0
gpu_v_probe_milli_first8=0,-4,4,-2,9,9,2,0
gpu_spikes_total=5
gpu_spikes_per_step=3,2,0,0,0,0,0,0,0,0,0,0,0,0,0,0,0,0,0,0,0,0,0,0,0,0,0,0,0,0
gpu_v_checksum_milli=87
gpu_spike_counts=0,0,0,0,0,0,0,0,0,1,1,1,0,0,1,0,1,0,0,0,0,0,0,0,0,0,0,0,0,0,0,0,0,0,0,0,0,0,0,0,0,0,0,0,0,0,0,0,0,0,0,0,0,0,0,0,0,0,0,0,0,0,0,0,0,0,0,0,0,0,0,0,0,0,0,0,0,0,0,0,0,0,0,0,0,0,0,0,0,0,0,0,0,0,0,0,0,0,0,0,0,0,0,0,0,0,0,0,0,0,0,0,0,0,0,0,0,0,0,0,0,0,0,0,0,0,0,0,0,0,0,0,0,0,0,0,0,0,0,0,0,0,0,0,0,0,0,0,0,0,0,0,0,0,0,0,0,0,0,0,0,0,0,0,0,0,0,0,0,0,0,0,0,0,0,0,0,0,0,0,0,0,0,0,0,0,0,0,0,0,0,0,0,0,0,0,0,0,0,0,0,0,0,0,0,0,0,0,0,0,0,0,0,0,0,0,0,0,0,0,0,0,0,0,0,0,0,0,0,0,0,0,0,0,0,0,0,0,0,0,0,0,0,0,0,0,0,0,0,0,0,0,0,0,0,0,0,0,0,0,0,0,0,0,0,0,0,0,0,0,0,0,0,0,0,0,0,0,0,0,0,0,0,0,0,0,0,0,0,0,0,0,0,0,0,0,0,0,0,0,0,0,0,0,0,0,0,0,0,0,0,0,0,0,0,0,0,0,0,0,0,0,0,0,0,0,0,0,0,0,0,0,0,0,0,0,0,0,0,0,0,0,0,0,0,0,0,0,0,0,0,0,0,0,0,0,0,0,0,0,0,0,0,0,0,0,0,0,0,0,0,0,0,0,0,0,0,0,0,0,0,0,0,0,0,0,0,0,0,0,0,0,0,0,0,0,0,0,0,0,0,0,0,0,0,0,0,0,0,0,0,0,0,0,0,0,0,0,0,0,0,0,0,0,0,0,0,0,0,0,0,0,0,0,0,0,0,0,0,0,0,0,0,0,0,0,0,0,0,0,0,0,0,0,0,0,0,0,0,0,0,0,0,0,0,0,0,0,0,0,0,0,0,0,0,0,0,0,0,0,0,0,0,0,0,0,0,0,0,0,0,0,0,0,0,0,0,0,0,0,0,0,0,0,0,0,0,0,0,0,0,0
phase3-gpu-ok
0
